l 72 -9 245 147 255
l 194 151 87 276 171
c 113 249 26 124
l -26 134 37 138 231
l 164 236 88 200 51
l 39 -44 16 281 13
l 179 82 145 24 37
l -21 9 122 123 94
c 229 60 13 198
l 149 34 -49 280 130
l 71 -42 291 78 135
c 67 -24 29 65
c 258 1 32 1
c -3 304 14 107
c 301 270 26 42
c 166 289 1 50
l 210 242 14 182 219
l 143 188 52 237 251
l 288 128 29 243 209
c 127 210 2 148
l 82 304 183 299 249
l 225 10 271 4 149
l 217 143 185 299 239
l 90 -13 143 112 229
l 181 -11 102 286 71
c 155 -35 19 30
l 298 249 78 3 20
c -28 99 46 75
l 81 149 -10 66 36
l 228 148 2 104 212
l 283 270 166 133 59
c 59 293 36 72
c 267 -46 25 111
l 75 192 133 51 245
l 167 -40 94 89 35
l 87 238 194 65 19
c 92 24 40 152
l 234 298 171 39 61
l 222 301 -28 109 250
c 38 39 44 134
c 117 100 36 85
c 156 214 47 115
l 46 -30 297 -48 148
c 17 188 18 228
l 125 92 107 147 253
l 80 243 138 2 212
l 120 202 58 170 154
c 170 207 12 24
l 222 182 25 289 142
c 253 263 31 9
l 67 -8 -2 41 175
c 93 234 9 45
l -34 -27 -19 296 50
c 210 120 34 48
l 94 -47 155 194 251
l 113 189 70 74 11
l 166 256 200 153 62
l 155 53 -33 21 51
l 107 62 61 277 20
c 167 118 27 94
l 80 22 14 164 5
c 291 156 34 188
l 46 -36 51 251 230
l -34 48 120 -32 106
c 294 28 9 37
l 30 66 98 160 148
c 219 175 26 50
l 242 140 169 182 233
l -29 117 234 187 233
c 204 113 44 170
l -36 86 283 44 84
l 99 79 130 12 130
l 266 67 154 301 117
l -6 96 52 5 98
c 115 166 46 124
c 119 8 3 89
l 31 195 154 180 149
c 86 9 38 133
l 94 242 -48 19 124
c -34 185 0 252
l 76 232 167 205 99
c -8 194 3 180
c -3 148 9 175
c 4 9 42 7
l 6 27 67 186 45
l 265 85 128 -46 182
c 15 -45 17 228
l 237 -23 -34 215 150
l 54 143 -13 -48 216
c 28 94 17 119
c 43 19 40 193
c 209 207 34 130
l 267 199 100 158 205
c 174 84 0 122
l 84 270 190 24 153
l 12 284 112 117 8
c 43 119 27 128
l 228 197 186 32 76
l 84 -41 203 152 211
c 78 175 37 0
l 196 208 66 258 209
l 270 303 147 207 163
c 48 231 33 201
c -37 279 39 67
l 85 299 276 121 97
l 293 208 300 183 252
l -21 191 27 299 166
l 201 43 77 143 75
l -24 -25 221 304 118
l 132 190 49 303 235
c -13 192 41 155
l 121 135 143 206 126
c 288 175 31 124
l 268 245 205 294 60
c 138 20 21 114
l -30 161 2 235 240
l 46 73 253 61 153
l -39 209 121 145 212
l 64 119 209 3 188
l 167 232 229 81 171
l 79 173 299 -23 229
l 116 44 3 64 197
c 48 11 36 45
c 32 160 13 99
c 216 113 38 151
c 278 52 17 26
c 155 253 3 7
l 62 247 37 20 194
l 118 201 41 32 146
l 242 157 219 198 213
l 246 238 161 219 194
l 173 260 148 121 239
l -2 117 136 286 221
l 67 199 222 158 83
l 176 61 268 290 76
l 211 96 6 66 251
l 58 277 38 100 6
c 145 -16 30 13
c 185 196 47 108
l -23 254 66 204 171
c 188 214 28 199
c 52 253 41 8
l 278 118 156 264 167
l 143 259 65 157 160
l 132 111 -39 159 205
c 257 -38 6 213
l 46 170 168 -8 15
l 72 173 -14 241 13
c 40 112 16 176
l 33 226 76 59 93
c 112 184 39 226
l 109 297 -39 205 84
c 91 173 0 35
c 124 148 31 117
l 164 196 127 285 40
c 56 231 37 55
l 51 302 -4 298 215
l 154 204 243 228 79
l 10 253 45 184 233
l 198 228 -45 287 123
l 104 191 84 29 188
l -39 3 168 207 82
l 89 244 266 226 76
l 231 226 97 -29 18
c -38 196 43 97
l -4 -5 -24 81 200
c 33 -4 37 181
l 168 177 119 151 9
l 272 175 281 196 29
c 62 93 48 32
l 155 291 256 202 127
l -23 160 75 261 17
l 242 159 299 113 24
c 122 105 26 253
l 202 181 45 158 73
l 283 45 198 268 45
c 143 171 33 92
l 120 99 71 56 39
l 63 177 103 79 138
c -36 -50 41 164
l 56 56 132 233 57
l 195 41 210 232 140
c 281 297 22 245
c 193 122 21 144
l 174 280 19 176 168
l 73 183 159 179 59
l -50 -22 260 40 219
l -33 70 132 142 131
l 111 218 156 283 204
c -30 202 10 121
l 164 152 196 240 87
l 66 85 270 295 105
l 259 143 221 224 8
l 178 133 220 291 209
c 119 233 5 97
l 194 -18 -41 241 150
l -16 35 210 -37 101
c 96 97 0 196
c 269 -46 42 40
l 233 -29 14 167 102
